# Blender v2.90.1 OBJ File: 'rctimetrial.blend'
# www.blender.org
mtllib rctimetrial.mtl
o Collider_(51)_Untitled.233
v 34.698124 -1.046547 -12.267900
v 34.698124 -1.046547 -13.824247
v 34.657555 -0.969596 -13.824247
v 34.657555 -0.969596 -12.267900
v 38.533592 0.975667 -12.267900
v 38.533592 0.975667 -13.824247
v 38.493023 1.052618 -13.824247
v 38.493023 1.052618 -12.267900
vn -0.8846 -0.4664 0.0000
vn 0.4664 -0.8846 0.0000
vn -0.0000 0.0000 -1.0000
vn -0.4664 0.8846 -0.0000
vn -0.0000 0.0000 1.0000
vn 0.8846 0.4664 -0.0000
usemtl Default_106
s 1
f 4//1 3//1 2//1 1//1
f 2//2 6//2 5//2 1//2
f 3//3 7//3 6//3 2//3
f 8//4 7//4 3//4 4//4
f 5//5 8//5 4//5 1//5
f 6//6 7//6 8//6 5//6
o Collider_(50)_Untitled.161
v 40.739738 0.542492 -8.018881
v 38.480980 0.542492 -8.081971
v 38.480732 0.629022 -8.073032
v 40.739487 0.629022 -8.009942
v 40.860157 0.988192 -12.330147
v 38.601402 0.988192 -12.393237
v 38.601151 1.074722 -12.384298
v 40.859909 1.074722 -12.321208
vn -0.0278 -0.1028 0.9943
vn 0.0029 -0.9947 -0.1028
vn -0.9996 -0.0001 -0.0279
vn -0.0029 0.9947 0.1028
vn 0.9996 0.0000 0.0279
vn 0.0278 0.1028 -0.9943
usemtl Default_105
s 1
f 12//7 11//7 10//7 9//7
f 10//8 14//8 13//8 9//8
f 11//9 15//9 14//9 10//9
f 16//10 15//10 11//10 12//10
f 13//11 16//11 12//11 9//11
f 14//12 15//12 16//12 13//12
o Collider_(49)_Untitled.189
v 41.991673 0.268871 -5.029363
v 40.188972 0.268871 -4.373230
v 40.190994 0.355660 -4.367671
v 41.993694 0.355660 -5.023803
v 40.512131 0.563780 -9.094353
v 38.709431 0.563780 -8.438221
v 38.711452 0.650569 -8.432661
v 40.514153 0.650569 -9.088793
vn 0.3412 -0.0680 0.9375
vn -0.0233 -0.9977 -0.0639
vn -0.9397 -0.0000 0.3420
vn 0.0233 0.9977 0.0639
vn 0.9397 0.0000 -0.3420
vn -0.3412 0.0680 -0.9375
usemtl Default_104
s 1
f 20//13 19//13 18//13 17//13
f 18//14 22//14 21//14 17//14
f 19//15 23//15 22//15 18//15
f 24//16 23//16 19//16 20//16
f 21//17 24//17 20//17 17//17
f 22//18 23//18 24//18 21//18
o Collider_(48)_Untitled.074
v 41.355202 0.138675 -0.993845
v 39.454556 0.138676 -1.254200
v 39.454269 0.225641 -1.252095
v 41.354912 0.225640 -0.991740
v 41.943474 0.244611 -5.288362
v 40.042831 0.244612 -5.548717
v 40.042542 0.331577 -5.546611
v 41.943188 0.331576 -5.286256
vn -0.1357 -0.0244 0.9905
vn 0.0033 -0.9997 -0.0242
vn -0.9907 -0.0000 -0.1357
vn -0.0033 0.9997 0.0242
vn 0.9907 0.0000 0.1357
vn 0.1357 0.0244 -0.9905
usemtl Default_103
s 1
f 28//19 27//19 26//19 25//19
f 26//20 30//20 29//20 25//20
f 27//21 31//21 30//21 26//21
f 32//22 31//22 27//22 28//22
f 29//23 32//23 28//23 25//23
f 30//24 31//24 32//24 29//24
o Collider_(47)_Untitled.155
v 18.682072 -0.704321 1.668440
v 18.682072 -0.704321 0.231637
v 18.661911 -0.619698 0.231637
v 18.661911 -0.619698 1.668440
v 22.013309 0.089291 1.668440
v 22.013309 0.089291 0.231637
v 21.993149 0.173914 0.231637
v 21.993149 0.173914 1.668440
vn -0.9728 -0.2318 -0.0000
vn 0.2317 -0.9728 -0.0000
vn 0.0000 0.0000 -1.0000
vn -0.2317 0.9728 0.0000
vn 0.0000 0.0000 1.0000
vn 0.9728 0.2318 0.0000
usemtl Default_102
s 1
f 36//25 35//25 34//25 33//25
f 34//26 38//26 37//26 33//26
f 35//27 39//27 38//27 34//27
f 40//28 39//28 35//28 36//28
f 37//29 40//29 36//29 33//29
f 38//30 39//30 40//30 37//30
o Collider_(46)_Untitled.196
v 8.316315 -2.097540 3.386090
v 8.316315 -2.097540 -14.536842
v 8.595592 -0.084898 -14.536842
v 8.595592 -0.084899 3.386090
v 12.417239 -2.666591 3.386090
v 12.417239 -2.666590 -14.536842
v 12.696516 -0.653949 -14.536842
v 12.696516 -0.653949 3.386090
vn -0.9905 0.1374 0.0000
vn -0.1374 -0.9905 -0.0000
vn 0.0000 0.0000 -1.0000
vn 0.1374 0.9905 0.0000
vn 0.0000 0.0000 1.0000
vn 0.9905 -0.1374 -0.0000
usemtl Default_101
s 1
f 44//31 43//31 42//31 41//31
f 42//32 46//32 45//32 41//32
f 43//33 47//33 46//33 42//33
f 48//34 47//34 43//34 44//34
f 45//35 48//35 44//35 41//35
f 46//36 47//36 48//36 45//36
o Collider_(45)_Untitled.032
v 17.192612 -2.785680 -14.764066
v 17.192612 -2.134987 -28.068432
v 17.192612 -0.105487 -27.969173
v 17.192612 -0.756180 -14.664806
v 22.672935 -2.785680 -14.764066
v 22.672935 -2.134987 -28.068432
v 22.672935 -0.105487 -27.969173
v 22.672935 -0.756180 -14.664806
vn -1.0000 0.0000 0.0000
vn 0.0000 -0.9988 -0.0488
vn 0.0000 0.0488 -0.9988
vn 0.0000 0.9988 0.0488
vn 0.0000 -0.0488 0.9988
vn 1.0000 0.0000 0.0000
usemtl Default_100
s 1
f 52//37 51//37 50//37 49//37
f 50//38 54//38 53//38 49//38
f 51//39 55//39 54//39 50//39
f 56//40 55//40 51//40 52//40
f 53//41 56//41 52//41 49//41
f 54//42 55//42 56//42 53//42
o Collider_(44)_Untitled.224
v 17.192612 -2.130799 -28.037807
v 17.192612 -2.130798 -32.441319
v 17.192612 -0.098872 -32.441319
v 17.192612 -0.098873 -28.037807
v 22.672935 -2.130799 -28.037807
v 22.672935 -2.130798 -32.441319
v 22.672935 -0.098872 -32.441319
v 22.672935 -0.098873 -28.037807
vn -1.0000 0.0000 0.0000
vn 0.0000 -1.0000 -0.0000
vn 0.0000 0.0000 -1.0000
vn 0.0000 1.0000 0.0000
vn 0.0000 0.0000 1.0000
vn 1.0000 0.0000 0.0000
usemtl Default_99
s 1
f 60//43 59//43 58//43 57//43
f 58//44 62//44 61//44 57//44
f 59//45 63//45 62//45 58//45
f 64//46 63//46 59//46 60//46
f 61//47 64//47 60//47 57//47
f 62//48 63//48 64//48 61//48
o Collider_(43)_Untitled.219
v 21.093699 -2.093196 -28.037807
v 21.093699 -2.093195 -32.441319
v 20.856632 -0.075146 -32.441319
v 20.856632 -0.075147 -28.037807
v 24.996792 -1.634688 -28.037807
v 24.996792 -1.634687 -32.441319
v 24.759726 0.383362 -32.441319
v 24.759726 0.383361 -28.037807
vn -0.9932 -0.1167 -0.0000
vn 0.1167 -0.9932 -0.0000
vn -0.0000 0.0000 -1.0000
vn -0.1167 0.9932 0.0000
vn -0.0000 0.0000 1.0000
vn 0.9932 0.1167 0.0000
usemtl Default_98
s 1
f 68//49 67//49 66//49 65//49
f 66//50 70//50 69//50 65//50
f 67//51 71//51 70//51 66//51
f 72//52 71//52 67//52 68//52
f 69//53 72//53 68//53 65//53
f 70//54 71//54 72//54 69//54
o Collider_(42)_Untitled.008
v 24.760609 -1.651246 -25.714569
v 24.760609 -1.651245 -34.764557
v 24.760609 0.380681 -34.764557
v 24.760609 0.380680 -25.714569
v 30.599804 -1.651246 -25.714569
v 30.599804 -1.651245 -34.764557
v 30.599804 0.380681 -34.764557
v 30.599804 0.380680 -25.714569
vn -1.0000 0.0000 0.0000
vn 0.0000 -1.0000 -0.0000
vn 0.0000 0.0000 -1.0000
vn 0.0000 1.0000 0.0000
vn 0.0000 0.0000 1.0000
vn 1.0000 0.0000 0.0000
usemtl Default_97
s 1
f 76//55 75//55 74//55 73//55
f 74//56 78//56 77//56 73//56
f 75//57 79//57 78//57 74//57
f 80//58 79//58 75//58 76//58
f 77//59 80//59 76//59 73//59
f 78//60 79//60 80//60 77//60
o Collider_(41)_Untitled.016
v 24.628868 -2.961469 -13.159031
v 24.628868 -1.617233 -25.948559
v 24.628868 0.403562 -25.736164
v 24.628868 -0.940674 -12.946636
v 30.468067 -2.961469 -13.159031
v 30.468067 -1.617233 -25.948559
v 30.468067 0.403562 -25.736164
v 30.468067 -0.940674 -12.946636
vn -1.0000 0.0000 0.0000
vn 0.0000 -0.9945 -0.1045
vn 0.0000 0.1045 -0.9945
vn 0.0000 0.9945 0.1045
vn 0.0000 -0.1045 0.9945
vn 1.0000 0.0000 0.0000
usemtl Default_96
s 1
f 84//61 83//61 82//61 81//61
f 82//62 86//62 85//62 81//62
f 83//63 87//63 86//63 82//63
f 88//64 87//64 83//64 84//64
f 85//65 88//65 84//65 81//65
f 86//66 87//66 88//66 85//66
o Collider_(40)_Untitled.181
v 23.406509 -1.907385 -10.875873
v 24.803419 -1.907385 -8.074104
v 24.803419 0.124540 -8.074104
v 23.406509 0.124541 -10.875873
v 22.587599 -1.907385 -10.467579
v 23.984509 -1.907385 -7.665811
v 23.984509 0.124540 -7.665810
v 22.587599 0.124541 -10.467579
vn 0.8949 0.0000 -0.4462
vn -0.0000 -1.0000 -0.0000
vn 0.4462 0.0000 0.8949
vn 0.0000 1.0000 0.0000
vn -0.4462 0.0000 -0.8949
vn -0.8949 0.0000 0.4462
usemtl Default_95
s 1
f 92//67 91//67 90//67 89//67
f 90//68 94//68 93//68 89//68
f 91//69 95//69 94//69 90//69
f 96//70 95//70 91//70 92//70
f 93//71 96//71 92//71 89//71
f 94//72 95//72 96//72 93//72
o Collider_(39)_Untitled.207
v 8.845886 -0.866565 3.105949
v 8.845886 -0.866563 -14.409246
v 8.845886 -0.637258 -14.409246
v 8.845886 -0.637261 3.105949
v 41.960728 -0.866565 3.105949
v 41.960728 -0.866563 -14.409246
v 41.960728 -0.637258 -14.409246
v 41.960728 -0.637261 3.105949
vn -1.0000 0.0000 0.0000
vn 0.0000 -1.0000 -0.0000
vn 0.0000 0.0000 -1.0000
vn 0.0000 1.0000 0.0000
vn 0.0000 0.0000 1.0000
vn 1.0000 0.0000 0.0000
usemtl Default_94
s 1
f 100//73 99//73 98//73 97//73
f 98//74 102//74 101//74 97//74
f 99//75 103//75 102//75 98//75
f 104//76 103//76 99//76 100//76
f 101//77 104//77 100//77 97//77
f 102//78 103//78 104//78 101//78
o Collider_(38)_Untitled.144
v -1.657804 -0.242524 3.574786
v -1.657804 -0.242521 -14.459561
v -1.657804 -0.013217 -14.459561
v -1.657804 -0.013220 3.574786
v 8.900747 -0.242524 3.574786
v 8.900747 -0.242521 -14.459561
v 8.900747 -0.013217 -14.459561
v 8.900747 -0.013220 3.574786
vn -1.0000 0.0000 0.0000
vn 0.0000 -1.0000 -0.0000
vn 0.0000 0.0000 -1.0000
vn 0.0000 1.0000 0.0000
vn 0.0000 0.0000 1.0000
vn 1.0000 0.0000 0.0000
usemtl Default_93
s 1
f 108//79 107//79 106//79 105//79
f 106//80 110//80 109//80 105//80
f 107//81 111//81 110//81 106//81
f 112//82 111//82 107//82 108//82
f 109//83 112//83 108//83 105//83
f 110//84 111//84 112//84 109//84
o Collider_(37)_Untitled.179
v 7.514976 -1.404796 -9.562347
v 2.032238 -1.404796 -9.705914
v 2.032239 0.627130 -9.705914
v 7.514977 0.627130 -9.562347
v 7.530295 -1.404796 -10.147389
v 2.047558 -1.404796 -10.290956
v 2.047558 0.627130 -10.290956
v 7.530296 0.627130 -10.147389
vn -0.0262 0.0000 0.9997
vn -0.0000 -1.0000 0.0000
vn -0.9997 0.0000 -0.0262
vn 0.0000 1.0000 0.0000
vn 0.9997 -0.0000 0.0262
vn 0.0262 -0.0000 -0.9997
usemtl Default_92
s 1
f 116//85 115//85 114//85 113//85
f 114//86 118//86 117//86 113//86
f 115//87 119//87 118//87 114//87
f 120//88 119//88 115//88 116//88
f 117//89 120//89 116//89 113//89
f 118//90 119//90 120//90 117//90
o Collider_(36)_Untitled.230
v 2.902618 -1.404796 -9.299914
v 0.940430 -1.404796 -10.628414
v 0.940430 0.627130 -10.628414
v 2.902618 0.627130 -9.299914
v 3.230728 -1.404796 -9.784531
v 1.268540 -1.404796 -11.113030
v 1.268540 0.627130 -11.113030
v 3.230728 0.627130 -9.784531
vn -0.5606 0.0000 0.8281
vn 0.0000 -1.0000 0.0000
vn -0.8281 0.0000 -0.5606
vn 0.0000 1.0000 0.0000
vn 0.8281 0.0000 0.5606
vn 0.5606 0.0000 -0.8281
usemtl Default_91
s 1
f 124//91 123//91 122//91 121//91
f 122//92 126//92 125//92 121//92
f 123//93 127//93 126//93 122//93
f 128//94 127//94 123//94 124//94
f 125//95 128//95 124//95 121//95
f 126//96 127//96 128//96 125//96
o Collider_(35)_Untitled.206
v -2.031343 -3.187342 5.116240
v -2.031343 -3.187335 -33.942902
v -2.031343 -1.155410 -33.942902
v -2.031343 -1.155416 5.116240
v 41.961914 -3.187342 5.116240
v 41.961914 -3.187335 -33.942902
v 41.961914 -1.155410 -33.942902
v 41.961914 -1.155416 5.116240
vn -1.0000 0.0000 0.0000
vn 0.0000 -1.0000 -0.0000
vn 0.0000 0.0000 -1.0000
vn 0.0000 1.0000 0.0000
vn 0.0000 0.0000 1.0000
vn 1.0000 0.0000 0.0000
usemtl Default_90
s 1
f 132//97 131//97 130//97 129//97
f 130//98 134//98 133//98 129//98
f 131//99 135//99 134//99 130//99
f 136//100 135//100 131//100 132//100
f 133//101 136//101 132//101 129//101
f 134//102 135//102 136//102 133//102
o Collider_(34)_Untitled.006
v 22.163731 -1.032092 -15.245565
v 22.163731 -1.032090 -28.291304
v 22.163731 0.999836 -28.291304
v 22.163731 0.999834 -15.245565
v 24.669655 -1.032092 -15.245565
v 24.669655 -1.032090 -28.291304
v 24.669655 0.999836 -28.291304
v 24.669655 0.999834 -15.245565
vn -1.0000 0.0000 0.0000
vn 0.0000 -1.0000 -0.0000
vn 0.0000 0.0000 -1.0000
vn 0.0000 1.0000 0.0000
vn 0.0000 0.0000 1.0000
vn 1.0000 0.0000 0.0000
usemtl Default_89
s 1
f 140//103 139//103 138//103 137//103
f 138//104 142//104 141//104 137//104
f 139//105 143//105 142//105 138//105
f 144//106 143//106 139//106 140//106
f 141//107 144//107 140//107 137//107
f 142//108 143//108 144//108 141//108
o Collider_(33)_Untitled.186
v 18.691299 -1.861456 -14.700376
v 20.995050 -1.861457 -14.214898
v 20.995050 0.170469 -14.214898
v 18.691299 0.170469 -14.700376
v 18.441366 -1.861456 -13.514361
v 20.745117 -1.861457 -13.028884
v 20.745117 0.170469 -13.028884
v 18.441366 0.170469 -13.514361
vn 0.2062 0.0000 -0.9785
vn -0.0000 -1.0000 -0.0000
vn 0.9785 0.0000 0.2062
vn 0.0000 1.0000 0.0000
vn -0.9785 0.0000 -0.2062
vn -0.2062 0.0000 0.9785
usemtl Default_88
s 1
f 148//109 147//109 146//109 145//109
f 146//110 150//110 149//110 145//110
f 147//111 151//111 150//111 146//111
f 152//112 151//112 147//112 148//112
f 149//113 152//113 148//113 145//113
f 150//114 151//114 152//114 149//114
o Collider_(32)_Untitled.017
v 16.532721 -1.861457 -16.668745
v 17.203190 -1.861457 -11.208228
v 17.203192 0.170469 -11.208229
v 16.532722 0.170469 -16.668745
v 15.329692 -1.861456 -16.521030
v 16.000160 -1.861456 -11.060514
v 16.000162 0.170470 -11.060514
v 15.329693 0.170469 -16.521030
vn 0.9925 -0.0000 -0.1219
vn -0.0000 -1.0000 0.0000
vn 0.1219 0.0000 0.9925
vn 0.0000 1.0000 -0.0000
vn -0.1219 0.0000 -0.9925
vn -0.9925 0.0000 0.1219
usemtl Default_87
s 1
f 156//115 155//115 154//115 153//115
f 154//116 158//116 157//116 153//116
f 155//117 159//117 158//117 154//117
f 160//118 159//118 155//118 156//118
f 157//119 160//119 156//119 153//119
f 158//120 159//120 160//120 157//120
o Collider_(31)_Untitled.067
v 23.686989 -1.861457 -9.961318
v 18.700914 -1.861456 -7.636274
v 18.700914 0.170470 -7.636274
v 23.686989 0.170469 -9.961318
v 23.174749 -1.861457 -11.059820
v 18.188675 -1.861456 -8.734776
v 18.188675 0.170470 -8.734776
v 23.174749 0.170469 -11.059820
vn 0.4226 0.0000 0.9063
vn -0.0000 -1.0000 0.0000
vn -0.9063 0.0000 0.4226
vn 0.0000 1.0000 -0.0000
vn 0.9063 0.0000 -0.4226
vn -0.4226 0.0000 -0.9063
usemtl Default_86
s 1
f 164//121 163//121 162//121 161//121
f 162//122 166//122 165//122 161//122
f 163//123 167//123 166//123 162//123
f 168//124 167//124 163//124 164//124
f 165//125 168//125 164//125 161//125
f 166//126 167//126 168//126 165//126
o Collider_(30)_Untitled.135
v 25.389647 -1.861456 -14.550516
v 24.142719 -1.861457 -9.192163
v 24.142719 0.170469 -9.192163
v 25.389647 0.170470 -14.550516
v 24.498409 -1.861456 -14.757914
v 23.251482 -1.861457 -9.399561
v 23.251482 0.170469 -9.399561
v 24.498409 0.170470 -14.757914
vn 0.9740 0.0000 0.2267
vn 0.0000 -1.0000 -0.0000
vn -0.2267 0.0000 0.9740
vn -0.0000 1.0000 0.0000
vn 0.2267 0.0000 -0.9740
vn -0.9740 0.0000 -0.2267
usemtl Default_85
s 1
f 172//127 171//127 170//127 169//127
f 170//128 174//128 173//128 169//128
f 171//129 175//129 174//129 170//129
f 176//130 175//130 171//130 172//130
f 173//131 176//131 172//131 169//131
f 174//132 175//132 176//132 173//132
o Collider_(29)_Untitled.118
v 31.452290 -1.861457 -14.435309
v 29.883608 -1.861456 -7.694300
v 29.883608 0.170469 -7.694301
v 31.452290 0.170469 -14.435309
v 30.561052 -1.861457 -14.642707
v 28.992371 -1.861456 -7.901698
v 28.992371 0.170469 -7.901698
v 30.561052 0.170469 -14.642708
vn 0.9740 0.0000 0.2267
vn -0.0000 -1.0000 0.0000
vn -0.2267 0.0000 0.9740
vn 0.0000 1.0000 -0.0000
vn 0.2267 -0.0000 -0.9740
vn -0.9740 0.0000 -0.2267
usemtl Default_84
s 1
f 180//133 179//133 178//133 177//133
f 178//134 182//134 181//134 177//134
f 179//135 183//135 182//135 178//135
f 184//136 183//136 179//136 180//136
f 181//137 184//137 180//137 177//137
f 182//138 183//138 184//138 181//138
o Collider_(28)_Untitled.078
v 29.575563 -1.861457 -7.472740
v 24.251226 -1.861456 -5.321564
v 24.251226 0.170469 -5.321564
v 29.575563 0.170469 -7.472740
v 29.232779 -1.861457 -8.321161
v 23.908442 -1.861456 -6.169985
v 23.908442 0.170469 -6.169985
v 29.232779 0.170469 -8.321161
vn 0.3746 0.0000 0.9272
vn -0.0000 -1.0000 0.0000
vn -0.9272 0.0000 0.3746
vn 0.0000 1.0000 -0.0000
vn 0.9272 -0.0000 -0.3746
vn -0.3746 0.0000 -0.9272
usemtl Default_83
s 1
f 188//139 187//139 186//139 185//139
f 186//140 190//140 189//140 185//140
f 187//141 191//141 190//141 186//141
f 192//142 191//142 187//142 188//142
f 189//143 192//143 188//143 185//143
f 190//144 191//144 192//144 189//144
o Collider_(27)_Untitled.124
v 28.982737 -1.861456 -7.424830
v 31.341656 -1.861457 -3.764512
v 31.341656 0.170469 -3.764512
v 28.982737 0.170469 -7.424830
v 28.704613 -1.861456 -7.245592
v 31.063532 -1.861457 -3.585274
v 31.063532 0.170469 -3.585274
v 28.704613 0.170469 -7.245592
vn 0.8406 0.0000 -0.5417
vn -0.0000 -1.0000 0.0000
vn 0.5417 0.0000 0.8406
vn 0.0000 1.0000 0.0000
vn -0.5417 0.0000 -0.8406
vn -0.8406 0.0000 0.5417
usemtl Default_82
s 1
f 196//145 195//145 194//145 193//145
f 194//146 198//146 197//146 193//146
f 195//147 199//147 198//147 194//147
f 200//148 199//148 195//148 196//148
f 197//149 200//149 196//149 193//149
f 198//150 199//150 200//150 197//150
o Collider_(26)_Untitled.096
v 22.037024 -1.827420 -1.146661
v 41.724903 -1.827416 -1.146657
v 41.724903 0.204509 -1.146657
v 22.037022 0.204506 -1.146661
v 22.037022 -1.827419 3.084928
v 41.724903 -1.827416 3.084932
v 41.724899 0.204509 3.084932
v 22.037022 0.204506 3.084928
vn 0.0000 0.0000 -1.0000
vn 0.0000 -1.0000 0.0000
vn 1.0000 0.0000 0.0000
vn -0.0000 1.0000 -0.0000
vn -1.0000 0.0000 -0.0000
vn -0.0000 -0.0000 1.0000
usemtl Default_81
s 1
f 204//151 203//151 202//151 201//151
f 202//152 206//152 205//152 201//152
f 203//153 207//153 206//153 202//153
f 208//154 207//154 203//154 204//154
f 205//155 208//155 204//155 201//155
f 206//156 207//156 208//156 205//156
o Collider_(25)_Untitled.116
v 19.703991 -1.067650 -3.957534
v 23.405357 -1.067650 -1.947864
v 23.405357 0.964276 -1.947864
v 19.703991 0.964275 -3.957534
v 19.316013 -1.067650 -3.242966
v 23.017380 -1.067650 -1.233296
v 23.017380 0.964276 -1.233296
v 19.316013 0.964275 -3.242966
vn 0.4772 0.0000 -0.8788
vn 0.0000 -1.0000 0.0000
vn 0.8788 0.0000 0.4772
vn -0.0000 1.0000 0.0000
vn -0.8788 0.0000 -0.4772
vn -0.4772 0.0000 0.8788
usemtl Default_80
s 1
f 212//157 211//157 210//157 209//157
f 210//158 214//158 213//158 209//158
f 211//159 215//159 214//159 210//159
f 216//160 215//160 211//160 212//160
f 213//161 216//161 212//161 209//161
f 214//162 215//162 216//162 213//162
o Collider_(24)_Untitled.231
v 18.403540 -1.067650 -7.488012
v 20.176851 -1.067650 -3.667768
v 20.176851 0.964276 -3.667769
v 18.403540 0.964275 -7.488013
v 17.666021 -1.067650 -7.145666
v 19.439333 -1.067650 -3.325422
v 19.439333 0.964276 -3.325422
v 17.666021 0.964275 -7.145666
vn 0.9070 0.0000 -0.4210
vn 0.0000 -1.0000 0.0000
vn 0.4210 0.0000 0.9070
vn -0.0000 1.0000 -0.0000
vn -0.4210 -0.0000 -0.9070
vn -0.9070 0.0000 0.4210
usemtl Default_79
s 1
f 220//163 219//163 218//163 217//163
f 218//164 222//164 221//164 217//164
f 219//165 223//165 222//165 218//165
f 224//166 223//166 219//166 220//166
f 221//167 224//167 220//167 217//167
f 222//168 223//168 224//168 221//168
o Collider_(23)_Untitled.055
v 15.065649 -1.067650 -8.600270
v 18.786068 -1.067650 -7.897298
v 18.786068 0.964276 -7.897297
v 15.065649 0.964275 -8.600270
v 14.914685 -1.067650 -7.801306
v 18.635103 -1.067650 -7.098333
v 18.635103 0.964276 -7.098333
v 14.914685 0.964275 -7.801306
vn 0.1857 0.0000 -0.9826
vn 0.0000 -1.0000 0.0000
vn 0.9826 0.0000 0.1857
vn -0.0000 1.0000 0.0000
vn -0.9826 0.0000 -0.1857
vn -0.1857 -0.0000 0.9826
usemtl Default_78
s 1
f 228//169 227//169 226//169 225//169
f 226//170 230//170 229//170 225//170
f 227//171 231//171 230//171 226//171
f 232//172 231//172 227//172 228//172
f 229//173 232//173 228//173 225//173
f 230//174 231//174 232//174 229//174
o Collider_(22)_Untitled.127
v 13.608781 -1.067650 -11.086297
v 15.866244 -1.067650 -8.046636
v 15.866244 0.964276 -8.046636
v 13.608782 0.964275 -11.086298
v 12.956010 -1.067650 -10.601504
v 15.213472 -1.067650 -7.561842
v 15.213473 0.964276 -7.561842
v 12.956010 0.964275 -10.601504
vn 0.8028 -0.0000 -0.5962
vn 0.0000 -1.0000 0.0000
vn 0.5962 -0.0000 0.8028
vn -0.0000 1.0000 0.0000
vn -0.5962 -0.0000 -0.8028
vn -0.8028 0.0000 0.5962
usemtl Default_78
s 1
f 236//175 235//175 234//175 233//175
f 234//176 238//176 237//176 233//176
f 235//177 239//177 238//177 234//177
f 240//178 239//178 235//178 236//178
f 237//179 240//179 236//179 233//179
f 238//180 239//180 240//180 237//180
o Collider_(21)_Untitled.226
v 7.841463 -1.228123 -10.848885
v 13.322483 -1.228124 -10.638324
v 13.322483 1.124749 -10.638324
v 7.841463 1.124749 -10.848885
v 7.813839 -1.228123 -10.129838
v 13.294859 -1.228124 -9.919277
v 13.294859 1.124749 -9.919277
v 7.813839 1.124749 -10.129838
vn 0.0384 0.0000 -0.9993
vn -0.0000 -1.0000 0.0000
vn 0.9993 0.0000 0.0384
vn 0.0000 1.0000 0.0000
vn -0.9993 0.0000 -0.0384
vn -0.0384 0.0000 0.9993
usemtl Default_78
s 1
f 244//181 243//181 242//181 241//181
f 242//182 246//182 245//182 241//182
f 243//183 247//183 246//183 242//183
f 248//184 247//184 243//184 244//184
f 245//185 248//185 244//185 241//185
f 246//186 247//186 248//186 245//186
o Collider_(20)_Untitled.108
v 2.404523 -1.067650 -8.586090
v 8.266290 -1.067650 -11.050152
v 8.266290 0.964276 -11.050152
v 2.404523 0.964275 -8.586090
v 2.606779 -1.067650 -8.104942
v 8.468546 -1.067650 -10.569004
v 8.468546 0.964276 -10.569004
v 2.606779 0.964275 -8.104942
vn -0.3875 0.0000 -0.9219
vn 0.0000 -1.0000 -0.0000
vn 0.9219 0.0000 -0.3875
vn -0.0000 1.0000 0.0000
vn -0.9219 -0.0000 0.3875
vn 0.3875 0.0000 0.9219
usemtl Default_75
s 1
f 252//187 251//187 250//187 249//187
f 250//188 254//188 253//188 249//188
f 251//189 255//189 254//189 250//189
f 256//190 255//190 251//190 252//190
f 253//191 256//191 252//191 249//191
f 254//192 255//192 256//192 253//192
o Collider_(19)_Untitled.136
v 15.375702 -1.404796 -5.454374
v 13.959558 -1.404796 -3.554471
v 13.959558 0.627130 -3.554471
v 15.375702 0.627130 -5.454374
v 14.249964 -1.404796 -6.293473
v 12.833820 -1.404796 -4.393570
v 12.833820 0.627130 -4.393570
v 14.249964 0.627130 -6.293473
vn 0.8018 0.0000 0.5976
vn 0.0000 -1.0000 0.0000
vn -0.5976 0.0000 0.8018
vn 0.0000 1.0000 0.0000
vn 0.5976 0.0000 -0.8018
vn -0.8018 0.0000 -0.5976
usemtl Default_74
s 1
f 260//193 259//193 258//193 257//193
f 258//194 262//194 261//194 257//194
f 259//195 263//195 262//195 258//195
f 264//196 263//196 259//196 260//196
f 261//197 264//197 260//197 257//197
f 262//198 263//198 264//198 261//198
o Collider_(18)_Untitled.075
v 15.510372 -1.067650 3.938002
v 11.296820 -1.067650 1.201688
v 11.296820 0.964276 1.201688
v 15.510372 0.964275 3.938002
v 15.794636 -1.067650 3.500275
v 11.581083 -1.067650 0.763961
v 11.581083 0.964276 0.763961
v 15.794636 0.964275 3.500275
vn -0.5446 0.0000 0.8387
vn -0.0000 -1.0000 -0.0000
vn -0.8387 0.0000 -0.5446
vn 0.0000 1.0000 0.0000
vn 0.8387 0.0000 0.5446
vn 0.5446 0.0000 -0.8387
usemtl Default_73
s 1
f 268//199 267//199 266//199 265//199
f 266//200 270//200 269//200 265//200
f 267//201 271//201 270//201 266//201
f 272//202 271//202 267//202 268//202
f 269//203 272//203 268//203 265//203
f 270//204 271//204 272//204 269//204
o Collider_(17)_Untitled.092
v 8.187225 -1.067651 4.588040
v 8.187225 -1.067649 -4.236131
v 8.187225 0.964276 -4.236131
v 8.187225 0.964275 4.588040
v 8.709154 -1.067651 4.588040
v 8.709154 -1.067649 -4.236131
v 8.709154 0.964276 -4.236131
v 8.709154 0.964275 4.588040
vn -1.0000 0.0000 0.0000
vn 0.0000 -1.0000 -0.0000
vn 0.0000 0.0000 -1.0000
vn 0.0000 1.0000 0.0000
vn 0.0000 0.0000 1.0000
vn 1.0000 0.0000 0.0000
usemtl Default_72
s 1
f 276//205 275//205 274//205 273//205
f 274//206 278//206 277//206 273//206
f 275//207 279//207 278//207 274//207
f 280//208 279//208 275//208 276//208
f 277//209 280//209 276//209 273//209
f 278//210 279//210 280//210 277//210
o Collider_(16)_Untitled.095
v 5.685107 -1.188369 -2.975867
v 8.702161 -0.941982 -4.795872
v 8.580793 1.084994 -4.722659
v 5.563740 0.838607 -2.902654
v 5.954701 -1.188369 -2.528956
v 8.971755 -0.941982 -4.348961
v 8.850388 1.084994 -4.275748
v 5.833334 0.838607 -2.455743
vn -0.5165 0.0000 -0.8563
vn 0.0597 -0.9976 -0.0360
vn 0.8542 0.0698 -0.5153
vn -0.0597 0.9976 0.0360
vn -0.8542 -0.0698 0.5153
vn 0.5165 -0.0000 0.8563
usemtl Default_71
s 1
f 284//211 283//211 282//211 281//211
f 282//212 286//212 285//212 281//212
f 283//213 287//213 286//213 282//213
f 288//214 287//214 283//214 284//214
f 285//215 288//215 284//215 281//215
f 286//216 287//216 288//216 285//216
o Collider_(15)_Untitled.119
v 4.539153 -1.067650 1.402478
v 5.708393 -1.067650 -3.218322
v 5.708393 0.964275 -3.218322
v 4.539153 0.964276 1.402478
v 5.045135 -1.067650 1.530511
v 6.214375 -1.067650 -3.090289
v 6.214375 0.964275 -3.090290
v 5.045135 0.964276 1.530511
vn -0.9694 0.0000 -0.2453
vn -0.0000 -1.0000 0.0000
vn 0.2453 -0.0000 -0.9694
vn 0.0000 1.0000 -0.0000
vn -0.2453 0.0000 0.9694
vn 0.9694 0.0000 0.2453
usemtl Default_70
s 1
f 292//217 291//217 290//217 289//217
f 290//218 294//218 293//218 289//218
f 291//219 295//219 294//219 290//219
f 296//220 295//220 291//220 292//220
f 293//221 296//221 292//221 289//221
f 294//222 295//222 296//222 293//222
o Collider_(14)_Untitled.021
v 3.033082 -1.067651 4.454574
v 5.531404 -1.067650 -0.690522
v 5.531404 0.964276 -0.690521
v 3.033082 0.964275 4.454574
v 3.502588 -1.067651 4.682553
v 6.000910 -1.067650 -0.462542
v 6.000909 0.964276 -0.462542
v 3.502588 0.964275 4.682553
vn -0.8996 -0.0000 -0.4368
vn 0.0000 -1.0000 -0.0000
vn 0.4368 0.0000 -0.8996
vn -0.0000 1.0000 0.0000
vn -0.4368 -0.0000 0.8996
vn 0.8996 0.0000 0.4368
usemtl Default_69
s 1
f 300//223 299//223 298//223 297//223
f 298//224 302//224 301//224 297//224
f 299//225 303//225 302//225 298//225
f 304//226 303//226 299//226 300//226
f 301//227 304//227 300//227 297//227
f 302//228 303//228 304//228 301//228
o Collider_(13)_Untitled.020
v 1.265361 -1.067650 -0.896729
v 2.323467 -1.067650 -10.480936
v 2.323467 0.964276 -10.480936
v 1.265361 0.964275 -0.896729
v 1.784138 -1.067650 -0.839455
v 2.842244 -1.067650 -10.423662
v 2.842244 0.964276 -10.423662
v 1.784138 0.964275 -0.839455
vn -0.9940 -0.0000 -0.1097
vn 0.0000 -1.0000 -0.0000
vn 0.1097 0.0000 -0.9940
vn -0.0000 1.0000 0.0000
vn -0.1097 0.0000 0.9940
vn 0.9940 0.0000 0.1097
usemtl Default_68
s 1
f 308//229 307//229 306//229 305//229
f 306//230 310//230 309//230 305//230
f 307//231 311//231 310//231 306//231
f 312//232 311//232 307//232 308//232
f 309//233 312//233 308//233 305//233
f 310//234 311//234 312//234 309//234
o Collider_(12)_Untitled.229
v 40.658974 -1.685791 -4.711713
v 40.658974 -1.685791 -5.070022
v 40.658974 0.346135 -5.070022
v 40.658974 0.346135 -4.711713
v 41.180901 -1.685791 -4.711713
v 41.180901 -1.685791 -5.070022
v 41.180901 0.346135 -5.070022
v 41.180901 0.346135 -4.711713
vn -1.0000 0.0000 0.0000
vn 0.0000 -1.0000 0.0000
vn 0.0000 0.0000 -1.0000
vn 0.0000 1.0000 0.0000
vn 0.0000 0.0000 1.0000
vn 1.0000 0.0000 0.0000
usemtl Default_67
s 1
f 316//235 315//235 314//235 313//235
f 314//236 318//236 317//236 313//236
f 315//237 319//237 318//237 314//237
f 320//238 319//238 315//238 316//238
f 317//239 320//239 316//239 313//239
f 318//240 319//240 320//240 317//240
o Collider_(11)_Untitled.061
v 40.334900 -1.436024 -8.156452
v 40.334900 -1.436024 -8.514761
v 40.334900 0.595901 -8.514761
v 40.334900 0.595901 -8.156452
v 40.856827 -1.436024 -8.156452
v 40.856827 -1.436024 -8.514761
v 40.856827 0.595901 -8.514761
v 40.856827 0.595901 -8.156452
vn -1.0000 0.0000 0.0000
vn 0.0000 -1.0000 0.0000
vn 0.0000 0.0000 -1.0000
vn 0.0000 1.0000 0.0000
vn 0.0000 0.0000 1.0000
vn 1.0000 0.0000 0.0000
usemtl Default_66
s 1
f 324//241 323//241 322//241 321//241
f 322//242 326//242 325//242 321//242
f 323//243 327//243 326//243 322//243
f 328//244 327//244 323//244 324//244
f 325//245 328//245 324//245 321//245
f 326//246 327//246 328//246 325//246
o Collider_(10)_Untitled.143
v 38.541866 -1.436024 -8.156452
v 38.541866 -1.436024 -8.514761
v 38.541866 0.595901 -8.514761
v 38.541866 0.595901 -8.156452
v 39.063793 -1.436024 -8.156452
v 39.063793 -1.436024 -8.514761
v 39.063793 0.595901 -8.514761
v 39.063793 0.595901 -8.156452
vn -1.0000 0.0000 0.0000
vn 0.0000 -1.0000 0.0000
vn 0.0000 0.0000 -1.0000
vn 0.0000 1.0000 0.0000
vn 0.0000 0.0000 1.0000
vn 1.0000 0.0000 0.0000
usemtl Default_65
s 1
f 332//247 331//247 330//247 329//247
f 330//248 334//248 333//248 329//248
f 331//249 335//249 334//249 330//249
f 336//250 335//250 331//250 332//250
f 333//251 336//251 332//251 329//251
f 334//252 335//252 336//252 333//252
o Collider_(8)_Untitled.071
v 17.003391 -2.018442 -31.996983
v 17.183390 -2.018442 -31.996983
v 17.183390 2.018442 -31.996983
v 17.003389 2.018442 -31.996983
v 17.003386 -2.018442 -14.639412
v 17.183386 -2.018442 -14.639412
v 17.183384 2.018442 -14.639412
v 17.003386 2.018442 -14.639412
vn 0.0000 0.0000 -1.0000
vn 0.0000 -1.0000 0.0000
vn 1.0000 0.0000 0.0000
vn 0.0000 1.0000 -0.0000
vn -1.0000 0.0000 -0.0000
vn 0.0000 0.0000 1.0000
usemtl Default_63
s 1
f 340//253 339//253 338//253 337//253
f 338//254 342//254 341//254 337//254
f 339//255 343//255 342//255 338//255
f 344//256 343//256 339//256 340//256
f 341//257 344//257 340//257 337//257
f 342//258 343//258 344//258 341//258
o Collider_(7)_Untitled.053
v 30.670866 -2.018442 -31.996983
v 30.850864 -2.018442 -31.996983
v 30.850864 2.018442 -31.996983
v 30.670864 2.018442 -31.996983
v 30.670860 -2.018442 -14.639412
v 30.850861 -2.018442 -14.639412
v 30.850859 2.018442 -14.639412
v 30.670860 2.018442 -14.639412
vn 0.0000 0.0000 -1.0000
vn 0.0000 -1.0000 0.0000
vn 1.0000 0.0000 0.0000
vn 0.0000 1.0000 -0.0000
vn -1.0000 -0.0000 -0.0000
vn 0.0000 0.0000 1.0000
usemtl Default_62
s 1
f 348//259 347//259 346//259 345//259
f 346//260 350//260 349//260 345//260
f 347//261 351//261 350//261 346//261
f 352//262 351//262 347//262 348//262
f 349//263 352//263 348//263 345//263
f 350//264 351//264 352//264 349//264
o Collider_(6)_Untitled.012
v 16.964664 -2.018442 -31.647694
v 16.964664 -2.018442 -31.827694
v 16.964664 2.018442 -31.827694
v 16.964664 2.018442 -31.647694
v 30.934181 -2.018442 -31.647694
v 30.934181 -2.018442 -31.827694
v 30.934181 2.018442 -31.827694
v 30.934181 2.018442 -31.647694
vn -1.0000 0.0000 0.0000
vn 0.0000 -1.0000 0.0000
vn 0.0000 0.0000 -1.0000
vn 0.0000 1.0000 0.0000
vn 0.0000 0.0000 1.0000
vn 1.0000 0.0000 0.0000
usemtl Default_61
s 1
f 356//265 355//265 354//265 353//265
f 354//266 358//266 357//266 353//266
f 355//267 359//267 358//267 354//267
f 360//268 359//268 355//268 356//268
f 357//269 360//269 356//269 353//269
f 358//270 359//270 360//270 357//270
o Collider_(5)_Untitled.140
v 30.654125 -2.018442 -14.466208
v 30.654125 -2.018442 -14.646207
v 30.654125 2.018442 -14.646206
v 30.654125 2.018442 -14.466207
v 42.113087 -2.018442 -14.466208
v 42.113087 -2.018442 -14.646207
v 42.113087 2.018442 -14.646206
v 42.113087 2.018442 -14.466207
vn -1.0000 0.0000 0.0000
vn 0.0000 -1.0000 0.0000
vn 0.0000 0.0000 -1.0000
vn 0.0000 1.0000 0.0000
vn 0.0000 -0.0000 1.0000
vn 1.0000 0.0000 0.0000
usemtl Default_60
s 1
f 364//271 363//271 362//271 361//271
f 362//272 366//272 365//272 361//272
f 363//273 367//273 366//273 362//273
f 368//274 367//274 363//274 364//274
f 365//275 368//275 364//275 361//275
f 366//276 367//276 368//276 365//276
o Collider_(4)_Untitled.216
v 42.128197 -2.018442 -15.660255
v 42.308197 -2.018442 -15.660255
v 42.308197 2.018442 -15.660255
v 42.128197 2.018442 -15.660255
v 42.128181 -2.018442 3.544346
v 42.308182 -2.018442 3.544346
v 42.308182 2.018442 3.544346
v 42.128181 2.018442 3.544346
vn 0.0000 0.0000 -1.0000
vn 0.0000 -1.0000 0.0000
vn 1.0000 0.0000 0.0000
vn 0.0000 1.0000 0.0000
vn -1.0000 0.0000 -0.0000
vn 0.0000 0.0000 1.0000
usemtl Default_59
s 1
f 372//277 371//277 370//277 369//277
f 370//278 374//278 373//278 369//278
f 371//279 375//279 374//279 370//279
f 376//280 375//280 371//280 372//280
f 373//281 376//281 372//281 369//281
f 374//282 375//282 376//282 373//282
o Collider_(3)_Untitled.086
v -1.209751 -2.018442 -14.376702
v -1.209751 -2.018442 -14.556702
v -1.209751 2.018442 -14.556701
v -1.209751 2.018442 -14.376701
v 17.190495 -2.018442 -14.376702
v 17.190495 -2.018442 -14.556702
v 17.190495 2.018442 -14.556701
v 17.190495 2.018442 -14.376701
vn -1.0000 0.0000 0.0000
vn 0.0000 -1.0000 0.0000
vn 0.0000 0.0000 -1.0000
vn 0.0000 1.0000 0.0000
vn 0.0000 -0.0000 1.0000
vn 1.0000 -0.0000 0.0000
usemtl Default_58
s 1
f 380//283 379//283 378//283 377//283
f 378//284 382//284 381//284 377//284
f 379//285 383//285 382//285 378//285
f 384//286 383//286 379//286 380//286
f 381//287 384//287 380//287 377//287
f 382//288 383//288 384//288 381//288
o Collider_(2)_Untitled.123
v -1.746847 -2.018442 -14.537312
v -1.566847 -2.018442 -14.537312
v -1.566847 2.018442 -14.537312
v -1.746847 2.018442 -14.537312
v -1.746857 -2.018442 3.799061
v -1.566857 -2.018442 3.799061
v -1.566857 2.018442 3.799061
v -1.746857 2.018442 3.799061
vn 0.0000 0.0000 -1.0000
vn 0.0000 -1.0000 -0.0000
vn 1.0000 0.0000 0.0000
vn 0.0000 1.0000 0.0000
vn -1.0000 -0.0000 -0.0000
vn 0.0000 0.0000 1.0000
usemtl Default_57
s 1
f 388//289 387//289 386//289 385//289
f 386//290 390//290 389//290 385//290
f 387//291 391//291 390//291 386//291
f 392//292 391//292 387//292 388//292
f 389//293 392//293 388//293 385//293
f 390//294 391//294 392//294 389//294
o Collider_(1)_Untitled.159
v -2.419613 -2.018442 3.592601
v -2.419613 -2.018442 3.412601
v -2.419613 2.018442 3.412602
v -2.419613 2.018442 3.592602
v 42.086472 -2.018442 3.592601
v 42.086472 -2.018442 3.412601
v 42.086472 2.018442 3.412602
v 42.086472 2.018442 3.592602
vn -1.0000 0.0000 0.0000
vn 0.0000 -1.0000 0.0000
vn 0.0000 0.0000 -1.0000
vn 0.0000 1.0000 0.0000
vn 0.0000 -0.0000 1.0000
vn 1.0000 0.0000 0.0000
usemtl Default_56
s 1
f 396//295 395//295 394//295 393//295
f 394//296 398//296 397//296 393//296
f 395//297 399//297 398//297 394//297
f 400//298 399//298 395//298 396//298
f 397//299 400//299 396//299 393//299
f 398//300 399//300 400//300 397//300
o Cone:Proxy_Untitled.160
v 0.348243 -0.002910 0.002088
v 0.173507 -0.002910 -0.300565
v -0.175967 -0.002910 -0.300565
v -0.350703 -0.002910 0.002088
v -0.175967 -0.002910 0.304741
v 0.173507 -0.002910 0.304741
v 0.037212 0.841630 -0.008445
v 0.017991 0.841630 -0.044158
v -0.020451 0.841630 -0.044158
v -0.039672 0.841630 -0.008445
v -0.020451 0.841630 0.027268
v 0.017991 0.841630 0.027268
vn 0.8266 0.2984 -0.4772
vn 0.8266 0.2985 -0.4772
vn 0.0000 0.2905 -0.9569
vn -0.8266 0.2984 -0.4772
vn -0.8266 0.2985 -0.4772
vn -0.8239 0.3080 0.4757
vn 0.0000 0.3121 0.9500
vn 0.8239 0.3080 0.4757
vn 0.8240 0.3080 0.4756
vn 0.8239 0.3080 0.4756
vn 0.0000 1.0000 0.0000
vn -0.0000 -1.0000 -0.0000
usemtl Default_55
s 1
f 402//301 408//302 407//301 401//301
f 409//303 408//303 402//303 403//303
f 410//304 409//305 403//305 404//305
f 411//306 410//306 404//306 405//306
f 412//307 411//307 405//307 406//307
f 401//308 407//309 412//309 406//310
f 408//311 409//311 410//311
f 407//311 408//311 410//311
f 407//311 410//311 411//311
f 407//311 411//311 412//311
f 404//312 403//312 402//312
f 405//312 404//312 402//312
f 401//312 405//312 402//312
f 405//312 401//312 406//312
o Track1bridgebits_Untitled.187
v 21.991901 0.137983 0.236998
v 18.670593 -0.638029 0.236999
v 18.670593 -0.638029 1.700999
v 21.991901 0.137983 1.700998
v 21.990677 0.173009 0.236998
v 18.669371 -0.603004 0.236999
v 18.669371 -0.603004 1.700999
v 21.990677 0.173009 1.700998
v 35.202896 -0.636385 -13.743004
v 35.202896 -0.636385 -12.279004
v 35.193233 -0.602696 -13.743004
v 35.193233 -0.602696 -12.279004
v 38.414150 1.047614 -13.743004
v 38.414150 1.047614 -12.279004
v 38.404488 1.081303 -13.743004
v 38.404488 1.081303 -12.279004
v 38.480049 1.017050 -12.245697
v 40.760048 1.017050 -12.245698
v 38.480049 1.052012 -12.243251
v 40.760048 1.052012 -12.243252
v 38.486050 0.648090 -8.130106
v 40.766048 0.648091 -8.130107
v 38.486050 0.683052 -8.127661
v 40.766048 0.683052 -8.127662
v 38.743134 0.621050 -8.199889
v 40.585632 0.621050 -8.859694
v 38.743969 0.656012 -8.197591
v 40.586468 0.656012 -8.857397
v 40.004086 0.311166 -5.320504
v 41.940674 0.321022 -5.038249
v 40.003742 0.346191 -5.319304
v 41.940334 0.356047 -5.037050
v 40.134335 0.342091 -4.377604
v 41.976833 0.342091 -5.037409
v 40.135170 0.377052 -4.375306
v 41.977669 0.377052 -5.035112
v 39.437984 0.220951 -1.285216
v 41.374577 0.230808 -1.002962
v 39.437645 0.255976 -1.284018
v 41.374233 0.265833 -1.001763
v 38.396049 -0.707999 -13.803004
v 38.396049 1.032001 -13.803004
v 38.396049 1.032001 -12.219005
v 38.396049 -0.707999 -12.219005
v 40.796047 1.032001 -12.219006
v 40.796047 -0.707998 -12.219006
v 40.796047 -0.707998 -13.803005
v 40.796047 1.032001 -13.803005
v 40.718052 -0.707998 -5.066165
v 40.718052 0.324001 -5.066165
v 40.718052 0.324001 -4.733525
v 40.718052 -0.707998 -4.733525
v 41.078053 0.324001 -4.733525
v 41.078053 -0.707998 -4.733525
v 41.078053 -0.707998 -5.066165
v 41.078053 0.324001 -5.066165
v 38.558048 -0.707999 -8.510165
v 38.558048 0.690001 -8.510165
v 38.558048 0.666001 -8.177526
v 38.558048 -0.707999 -8.177526
v 38.918053 0.666001 -8.177526
v 38.918053 -0.707999 -8.177526
v 38.918053 -0.707999 -8.510165
v 38.918053 0.690001 -8.510165
v 40.358051 -0.707998 -8.510165
v 40.358051 0.690001 -8.510165
v 40.358051 0.666001 -8.177526
v 40.358051 -0.707998 -8.177526
v 40.718052 0.666001 -8.177526
v 40.718052 -0.707998 -8.177526
v 40.718052 -0.707998 -8.510165
v 40.718052 0.690001 -8.510165
vt -0.490000 0.999950
vt 1.474091 0.999950
vt 1.474091 0.009950
vt -0.490000 0.009950
vt 1.480000 0.009950
vt -0.484091 0.009950
vt 1.480000 0.999950
vt -0.484091 0.999950
vt -0.193800 1.000000
vt 1.186200 1.000000
vt 1.186200 0.000000
vt -0.193800 0.000000
vt 1.186200 0.000000
vt -0.193800 0.000000
vt 1.186200 1.000000
vt -0.193800 1.000000
vt -0.465600 0.992502
vt 1.503231 0.995100
vt 1.503231 0.007698
vt -0.465600 0.005100
vt 1.504400 0.007698
vt -0.464430 0.005100
vt 1.504400 0.995100
vt -0.464430 0.992502
vt -0.310000 1.000000
vt 1.310000 1.000000
vt 1.310000 0.000000
vt -0.310000 0.000000
vt 1.310000 0.000000
vt -0.310000 0.000000
vt 1.310000 1.000000
vt -0.310000 1.000000
vt 1.000000 0.000000
vt 1.000000 1.000000
vt 0.000000 1.000000
vt 0.000000 0.000000
vt 1.000000 0.000000
vt 1.000000 1.000000
vt 0.000000 1.000000
vt 0.000000 0.000000
vt 0.000000 1.000000
vt 0.000000 0.000000
vt 1.000000 1.000000
vt 1.000000 0.000000
vt 1.000000 0.000000
vt 0.000000 0.000000
vt -0.545000 0.990000
vt 1.564223 0.990000
vt 1.564223 -0.010000
vt -0.545000 -0.010000
vt 1.565000 -0.010000
vt -0.544222 -0.010000
vt 1.565000 0.990000
vt -0.544222 0.990000
vt 1.000000 0.000000
vt 1.000000 1.000000
vt 0.000000 1.000000
vt 0.000000 0.000000
vt 1.000000 0.000000
vt 1.000000 1.000000
vt 0.000000 1.000000
vt 0.000000 0.000000
vt 0.000000 1.000000
vt 0.000000 0.000000
vt 1.000000 1.000000
vt 1.000000 0.000000
vt 1.000000 0.000000
vt 1.000000 1.000000
vt 0.000000 1.000000
vt 0.000000 0.000000
vt 1.000000 0.000000
vt 1.000000 1.000000
vt 0.000000 1.000000
vt 0.000000 0.000000
vt 0.000000 1.000000
vt 0.000000 0.000000
vt 1.000000 1.000000
vt 1.000000 0.000000
vt 0.000000 1.000000
vt 1.000000 1.000000
vt 1.000000 0.000000
vt 0.000000 0.000000
vt 1.000000 0.000000
vt 1.000000 1.000000
vt 0.000000 1.000000
vt 0.000000 0.000000
vt 0.000000 1.000000
vt 0.000000 0.000000
vt 1.000000 1.000000
vt 1.000000 0.000000
vn 0.4644 -0.8856 0.0000
vn -0.0000 0.0000 -1.0000
vn -0.9613 -0.2757 0.0000
vn 0.0000 0.0000 1.0000
vn 0.9612 0.2757 0.0000
vn -0.4644 0.8856 0.0000
vn 0.0082 -0.9997 -0.0212
vn -0.9903 -0.0048 -0.1390
vn -0.1440 -0.0353 0.9890
vn 0.9903 0.0048 0.1390
vn 0.1440 0.0353 -0.9890
vn -0.0082 0.9997 0.0212
vn -0.0000 -0.9960 -0.0893
vn -1.0000 -0.0001 0.0014
vn 0.0000 -0.0698 0.9976
vn 1.0000 0.0001 -0.0014
vn 0.0000 0.0698 -0.9976
vn 0.0000 0.9960 0.0893
vn -0.0231 -0.9977 -0.0644
vn -0.9397 -0.0001 0.3420
vn 0.3363 -0.0698 0.9392
vn 0.9397 0.0001 -0.3420
vn -0.3363 0.0697 -0.9392
vn 0.0231 0.9977 0.0644
vn -1.0000 0.0000 0.0000
vn 1.0000 0.0000 0.0000
vn -0.0000 1.0000 0.0000
vn 0.2275 -0.9738 0.0000
vn -0.9994 -0.0349 0.0000
vn 0.9994 0.0349 0.0000
vn -0.2275 0.9738 0.0000
usemtl Wood_18
s 1
f 426/1/313 422/2/313 421/3/313 425/4/313
f 421/3/314 423/5/314 427/6/314 425/4/314
f 422/2/315 424/7/315 423/5/315 421/3/315
f 428/8/316 424/7/316 422/2/316 426/1/316
f 427/6/317 428/8/317 426/1/317 425/4/317
f 423/5/318 424/7/318 428/8/318 427/6/318
f 442/9/319 450/10/319 449/11/319 441/12/319
f 449/11/320 451/13/320 443/14/320 441/12/320
